1.99059569836	0.106095448136	3.24371480942	1.52813363075	1.45048964024	2.24427509308	0.116965249181	0.672235071659	-2.07411265373	1.75182235241	-2.07411265373	1.75182235241	-0.881946504116	0.538979530334	0.000645934022032	1.62661272043e-05	-0.000313837372232	0.0004096244229
1.81311058998	0.100756637752	3.1165163517	1.47019779682	1.40800714493	2.02933526039	0.116001032293	0.511833906174	-1.99824047089	1.67568290234	-1.99824047089	1.67568290234	-0.713549733162	0.534326612949	0.000619059661403	2.90123844024e-05	-0.000261741195573	0.000406088220188
1.62637805939	0.0659785047174	2.95964932442	1.39810276031	1.35161924362	1.80222284794	0.0726601108909	0.346504211426	-1.90312373638	1.58376502991	-1.90312373638	1.58376502991	-0.503439247608	0.524527668953	0.000586354581174	4.07743100368e-05	-0.000210447338759	0.000398641015636
1.47776138783	0.0388938300312	2.77469277382	1.31254303455	1.28179943562	1.56831932068	0.0433714687824	0.177836194634	-1.7896784544	1.47704148293	-1.7896784544	1.47704148293	-0.242612332106	0.509677231312	0.000548159936443	5.0351023674e-05	-0.000161633637617	0.000387354695704
1.3568687439	0.0742346718907	2.56353354454	1.21434235573	1.19911551476	1.36441802979	0.0840035527945	0.00745622301474	-1.65899717808	1.35667645931	-1.65899717808	1.35667645931	-0.181132391095	0.489918142557	0.000504883530084	5.52952842554e-05	-0.00011725807417	0.000372337788576
1.22404491901	0.116700649261	2.32836937904	1.10444760323	1.10420131683	1.22416806221	0.126671656966	-0.162995502353	-1.51233947277	1.2240447998	-1.51233947277	1.2240447998	-0.203963473439	0.465441018343	0.000457004411146	6.42594386591e-05	-7.92570426711e-05	0.000353735173121
1.08098614216	0.161075219512	2.07172966003	0.997703433037	0.983915507793	1.08781409264	0.172045469284	-0.268000334501	-1.35111618042	1.08078837395	-1.35111618042	1.08078837395	-0.247628882527	0.436481237411	0.000405084341764	7.96121748863e-05	-5.4718406318e-05	0.00033172572148
0.929786801338	0.174264669418	1.79655504227	0.880184113979	0.853909373283	0.942645668983	0.190994381905	-0.276459783316	-1.17688286304	0.928950965405	-1.17688286304	0.928950965405	-0.264306277037	0.403318464756	0.000349801237462	9.0107190772e-05	-3.11673356919e-05	0.000306522037135
0.87511998415	0.182609334588	1.65564799309	0.837604403496	0.793224573135	0.878128230572	0.19665145874	-0.282256424427	-1.09549236298	0.87507301569	-1.09549236298	0.87507301569	-0.264892607927	0.408378511667	0.000322948064422	8.89151488082e-05	-2.72717516054e-05	0.000310367671773
0.980551958084	0.170520037413	1.88599634171	0.915967226028	0.895249843597	1.02264618874	0.183806985617	-0.276997894049	-1.23240447044	0.980059325695	-1.23240447044	0.980059325695	-0.260948121548	0.421781718731	0.000368084205547	8.34873062558e-05	-4.31716689491e-05	0.000320554099744
1.11149072647	0.145176365972	2.13899707794	1.06461298466	1.02822697163	1.18975114822	0.167059347034	-0.238438040018	-1.41061234474	1.09166741371	-1.41061234474	1.09166741371	-0.245701402426	0.431123971939	0.00041381714982	8.2485479652e-05	-7.5917574577e-05	0.000327654212015
1.24950635433	0.114603556693	2.37942814827	1.19497144222	1.15130007267	1.36295831203	0.130243599415	-0.145199194551	-1.57523322105	1.20510578156	-1.57523322105	1.20510578156	-0.218942344189	0.43840560317	0.00045861673425	6.83380058035e-05	-0.000112060690299	0.000333188247168
1.38767719269	0.055619508028	2.60294008255	1.30782794952	1.26328635216	1.53468716145	0.0579461082816	-0.00186559546273	-1.72468483448	1.31625247002	-1.72468483448	1.31625247002	-0.173528239131	0.44406285882	0.000501277856529	5.57684143132e-05	-0.00016721583961	0.000337487785146
1.53577232361	0.0749689564109	2.80596804619	1.40350878239	1.36310756207	1.73938345909	0.0864342600107	0.141485318542	-1.85752809048	1.42179906368	-1.85752809048	1.42179906368	-0.15012049675	0.445587396622	0.000540852779523	4.78285510326e-05	-0.000224230592721	0.00033864643774
1.72525048256	0.0520475134254	2.98557305336	1.48206675053	1.44979918003	1.96893799305	0.0584491938353	0.283473610878	-1.97247958183	1.51912641525	-1.97247958183	1.51912641525	-0.351625531912	0.442819982767	0.000576587743126	4.02518198825e-05	-0.000281321583316	0.000336543191224
1.9076603651	0.073179140687	3.13934803009	1.54343008995	1.522529006	2.1876103878	0.0840777233243	0.465650081635	-2.06843566895	1.60616481304	-2.06843566895	1.60616481304	-0.540459156036	0.435787975788	0.000607880414464	3.12544325425e-05	-0.000337238510838	0.000331198854838
2.07873988152	0.0711451247334	3.26533126831	1.58748936653	1.58059644699	2.39108419418	0.0820658653975	0.672184348106	-2.14447236061	1.68126702309	-2.14447236061	1.68126702309	-0.715059697628	0.441325247288	0.000634246564005	2.13460971281e-05	-0.000391022564145	0.000335407152306
2.23523187637	0.0757792368531	3.36196565628	1.62344145775	1.61416077614	2.57601547241	0.0765555351973	0.872246265411	-2.19985580444	1.74312782288	-2.19985580444	1.74312782288	-0.881407141685	0.445789158344	0.000655301962979	1.08540361907e-05	-0.000441893091192	0.000338799785823
2.37455964088	0.0923310667276	3.42808103561	1.65065360069	1.62343323231	2.73971867561	0.0962329208851	1.06390750408	-2.23405599594	1.79072737694	-2.23405599594	1.79072737694	-1.03920888901	0.445960462093	0.000670752138831	8.18693912663e-09	-0.000489188125357	0.000338929938152
2.49465107918	0.0893749967217	3.46286535263	1.66196799278	1.61538517475	2.880007267	0.100643783808	1.24532330036	-2.24673938751	1.82329630852	-2.24673938751	1.82329630852	-1.18722939491	0.441836625338	0.000680382479914	-1.57125793976e-06	-0.000532336358447	0.000335795833962
2.59384655952	0.100039325655	3.46586823463	1.65727603436	1.59020984173	2.99511265755	0.115514613688	1.41474485397	-2.2377846241	1.84029245377	-2.2377846241	1.84029245377	-1.32409286499	0.433457493782	0.00068405654747	-2.55690861195e-06	-0.000570843054447	0.000329427683027
2.67084407806	0.120446756482	3.43699121475	1.63662266731	1.54821884632	3.08364367485	0.137042760849	1.57054400444	-2.20727753639	1.8413875103	-2.20727753639	1.8413875103	-1.44847559929	0.420903503895	0.00068171240855	-2.42762985181e-06	-0.000604283763096	0.0003198866616
2.72466874123	0.145991384983	3.37648773193	1.60021030903	1.48985219002	3.14455795288	0.161960884929	1.71121609211	-2.15551662445	1.82645511627	-2.15551662445	1.82645511627	-1.5591558218	0.416157901287	0.000673361995723	-1.62337994425e-06	-0.000632299808785	0.000316279998515
2.75465106964	0.173679754138	3.28493738174	1.54838550091	1.41566205025	3.17714619637	0.188173592091	1.83540892601	-2.0829949379	1.79555559158	-2.0829949379	1.79555559158	-1.6550488472	0.448492765427	0.00065908615943	-8.03494003776e-07	-0.00065459869802	0.000340854487149
2.76042246819	0.201793521643	3.1632642746	1.48164796829	1.32632219791	3.1810336113	0.214386895299	1.94192409515	-1.99041140079	1.74893319607	-1.99041140079	1.74893319607	-1.73521268368	0.476507931948	0.000639038335066	2.412980038e-08	-0.00067095371196	0.000362146034604
2.74191856384	0.229294538498	3.01272702217	1.40064263344	1.22261321545	3.15618228912	0.239757016301	2.02973985672	-1.87866091728	1.68700945377	-1.87866091728	1.68700945377	-1.79886651039	0.499934673309	0.000613443611655	8.51521065215e-07	-0.000681207457092	0.00037995033199
2.69936156273	0.243343085051	2.8349032402	1.30614888668	1.10540413857	3.10287237167	0.263687849045	2.09800767899	-1.74881875515	1.61035895348	-1.74881875515	1.61035895348	-1.84538948536	0.518546640873	0.000582597393077	1.67071016222e-06	-0.000685268838424	0.00039409546298
2.63327407837	0.240511760116	2.63169050217	1.1990749836	0.975632667542	3.02171897888	0.275665611029	2.14607000351	-1.60213279724	1.51969921589	-1.60213279724	1.51969921589	-1.87432944775	0.532164692879	0.000546867784578	2.47381012741e-06	-0.000685433740728	0.00040444516344
2.54448485374	0.210020333529	2.40531897545	1.08045482635	0.866234779358	2.91367435455	0.242300540209	2.17346310616	-1.44001936913	1.41585433483	-1.44001936913	1.41585433483	-1.88540911674	0.540657222271	0.000506701529957	3.253090199e-06	-0.000690563640092	0.000410899490817
2.43414092064	0.179350540042	2.15834093094	0.951428234577	0.766749739647	2.78003787994	0.206647545099	2.17992806435	-1.26403617859	1.29968631268	-1.26403617859	1.29968631268	-1.87853264809	0.543943881989	0.000462627853267	4.00103999709e-06	-0.000689130916726	0.000413397356169
2.30372285843	0.149930745363	1.89366483688	0.813238561153	0.658492267132	2.62246751785	0.169079437852	2.16539525986	-1.07587945461	1.17196285725	-1.07587945461	1.17196285725	-1.85377192497	0.541991114616	0.000415272428654	4.71045041195e-06	-0.000681148958392	0.000411913235439
2.1551015377	0.124171838164	1.61459493637	0.667216837406	0.54199808836	2.44303417206	0.130022734404	2.13001155853	-0.877361297607	1.03303170204	-0.877361297607	1.03303170204	-1.81139087677	0.538442254066	0.000365378160495	5.3745002333e-06	-0.0006667014095	0.000409216096159
1.99059569836	0.106095448136	1.32490432262	0.516140222549	0.417554467916	2.24427509308	0.116965249181	2.07411265373	-0.672235071659	0.881946504116	-0.672235071659	0.881946504116	-1.75182235241	0.538979530334	0.000313837372232	5.98680026087e-06	-0.000645934022032	0.0004096244229
1.81311058998	0.100756637752	1.02894496918	0.39820343256	0.284915953875	2.02933526039	0.116001032293	1.99824047089	-0.511833906174	0.713549733162	-0.511833906174	0.713549733162	-1.67568290234	0.534326612949	0.000261741195573	6.54142968415e-06	-0.000619059661403	0.000406088220188
1.62637805939	0.0659785047174	0.73182207346	0.276432275772	0.142787262797	1.80222284794	0.0726601108909	1.90312373638	-0.346504211426	0.503439247608	-0.346504211426	0.503439247608	-1.58376502991	0.524527668953	0.000210447338759	7.03307068761e-06	-0.000586354581174	0.000398641015636
1.47776138783	0.0388938300312	0.439509987831	0.151997938752	-0.011991568841	1.56831932068	0.0433714687824	1.7896784544	-0.177836194634	0.242612332106	-0.177836194634	0.242612332106	-1.47704148293	0.509677231312	0.000161633637617	7.45698071114e-06	-0.000548159936443	0.000387354695704
1.3568687439	0.0742346718907	0.180960804224	0.0261003039777	-0.140257060528	1.36441802979	0.0840035527945	1.65899717808	-0.00745622301474	0.181132391095	-0.00745622301474	0.181132391095	-1.35667645931	0.489918142557	0.00011725807417	7.80906975706e-06	-0.000504883530084	0.000372337788576
1.22404491901	0.116700649261	-0.00938536319882	-0.100048668683	-0.266491174698	1.22416806221	0.126671656966	1.51233947277	0.162995502353	0.203963473439	0.162995502353	0.203963473439	-1.2240447998	0.465441018343	7.92570426711e-05	8.0859499576e-06	-0.000457004411146	0.000353735173121
1.08098614216	0.161075219512	-0.0861346796155	-0.177686437964	-0.396637439728	1.08781409264	0.172045469284	1.35111618042	0.268000334501	0.247628882527	0.268000334501	0.247628882527	-1.08078837395	0.436481237411	5.4718406318e-05	8.28497104521e-06	-0.000405084341764	0.00033172572148
0.929786801338	0.174264669418	-0.142344921827	-0.183669567108	-0.432034820318	0.942645668983	0.190994381905	1.17688286304	0.276459783316	0.264306277037	0.276459783316	0.264306277037	-0.928950965405	0.403318464756	3.11673356919e-05	8.40419033921e-06	-0.000349801237462	0.000306522037135
0.87511998415	0.182609334588	-0.187883585691	-0.193036288023	-0.447995454073	0.878128230572	0.19665145874	1.09549236298	0.282256424427	0.264892607927	0.282256424427	0.264892607927	-0.87507301569	0.408378511667	2.72717516054e-05	8.44248097565e-06	-0.000322948064422	0.000310367671773
0.980551958084	0.170520037413	-0.184082537889	-0.226883068681	-0.395347356796	1.02264618874	0.183806985617	1.23240447044	0.276997894049	0.260948121548	0.276997894049	0.260948121548	-0.980059325695	0.421781718731	4.31716689491e-05	8.39946005726e-06	-0.000368084205547	0.000320554099744
1.11149072647	0.145176365972	-0.155706182122	-0.169299200177	-0.336758196354	1.18975114822	0.167059347034	1.41061234474	0.238438040018	0.245701402426	0.238438040018	0.245701402426	-1.09166741371	0.431123971939	7.5917574577e-05	8.27555049909e-06	-0.00041381714982	0.000327654212015
1.24950635433	0.114603556693	-0.0868386477232	-0.125830069184	-0.217082247138	1.36295831203	0.130243599415	1.57523322105	0.145199194551	0.218942344189	0.145199194551	0.218942344189	-1.20510578156	0.43840560317	0.000112060690299	8.07194010122e-06	-0.00045861673425	0.000333188247168
1.38767719269	0.055619508028	0.0191129036248	0.0141235133633	-0.0388332046568	1.53468716145	0.0579461082816	1.72468483448	0.00186559546273	0.173528239131	0.00186559546273	0.173528239131	-1.31625247002	0.44406285882	0.00016721583961	7.79060064815e-06	-0.000501277856529	0.000337487785146
1.53577232361	0.0749689564109	0.231602936983	0.124879911542	0.0689748823643	1.73938345909	0.0864342600107	1.85752809048	-0.141485318542	0.15012049675	-0.141485318542	0.15012049675	-1.42179906368	0.445587396622	0.000224230592721	7.43423015592e-06	-0.000540852779523	0.00033864643774
1.72525048256	0.0520475134254	0.541715860367	0.22944419086	0.182342320681	1.96893799305	0.0584491938353	1.97247958183	-0.283473610878	0.351625531912	-0.283473610878	0.351625531912	-1.51912641525	0.442819982767	0.000281321583316	7.00626014805e-06	-0.000576587743126	0.000336543191224
1.9076603651	0.073179140687	0.859163761139	0.363745450974	0.331165105104	2.1876103878	0.0840777233243	2.06843566895	-0.465650081635	0.540459156036	-0.465650081635	0.540459156036	-1.60616481304	0.435787975788	0.000337238510838	6.51081973047e-06	-0.000607880414464	0.000331198854838
2.07873988152	0.0711451247334	1.17396104336	0.51601266861	0.475058734417	2.39108419418	0.0820658653975	2.14447236061	-0.672184348106	0.715059697628	-0.672184348106	0.715059697628	-1.68126702309	0.441325247288	0.000391022564145	5.95267101744e-06	-0.000634246564005	0.000335407152306
2.23523187637	0.0757792368531	1.48037803173	0.663311243057	0.613799393177	2.57601547241	0.0765555351973	2.19985580444	-0.872246265411	0.881407141685	-0.872246265411	0.881407141685	-1.74312782288	0.445789158344	0.000441893091192	5.33720049134e-06	-0.000655301962979	0.000338799785823
2.37455964088	0.0923310667276	1.77425801754	0.804221451283	0.746361255646	2.73971867561	0.0962329208851	2.23405599594	-1.06390750408	1.03920888901	-1.06390750408	1.03920888901	-1.79072737694	0.445960462093	0.000489188125357	4.67032987217e-06	-0.000670752138831	0.000338929938152
2.49465107918	0.0893749967217	2.05216693878	0.937386989594	0.865674436092	2.880007267	0.100643783808	2.24673938751	-1.24532330036	1.18722939491	-1.24532330036	1.18722939491	-1.82329630852	0.441836625338	0.000532336358447	6.20534319751e-06	-0.000680382479914	0.000335795833962
2.59384655952	0.100039325655	2.31109070778	1.06152415276	0.976411819458	2.99511265755	0.115514613688	2.2377846241	-1.41474485397	1.32409286499	-1.41474485397	1.32409286499	-1.84029245377	0.433457493782	0.000570843054447	7.73573538027e-06	-0.00068405654747	0.000329427683027
2.67084407806	0.120446756482	2.54834055901	1.17544007301	1.07774710655	3.08364367485	0.137042760849	2.20727753639	-1.57054400444	1.44847559929	-1.57054400444	1.44847559929	-1.8413875103	0.420903503895	0.000604283763096	9.16733370104e-06	-0.00068171240855	0.0003198866616
2.72466874123	0.145991384983	2.76150083542	1.27803444862	1.16870212555	3.14455795288	0.161960884929	2.15551662445	-1.71121609211	1.5591558218	-1.71121609211	1.5591558218	-1.82645511627	0.416157901287	0.000632299808785	1.04927603388e-05	-0.000673361995723	0.000316279998515
2.75465106964	0.173679754138	2.94843840599	1.36832118034	1.2484023571	3.17714619637	0.188173592091	2.0829949379	-1.83540892601	1.6550488472	-1.83540892601	1.6550488472	-1.79555559158	0.448492765427	0.00065459869802	1.17032650451e-05	-0.00065908615943	0.000340854487149
2.76042246819	0.201793521643	3.1072947979	1.44542884827	1.31607842445	3.1810336113	0.214386895299	1.99041140079	-1.94192409515	1.73521268368	-1.94192409515	1.73521268368	-1.74893319607	0.476507931948	0.00067095371196	1.27897446873e-05	-0.000639038335066	0.000362146034604
2.74191856384	0.229294538498	3.23650836945	1.50861811638	1.37108159065	3.15618228912	0.239757016301	1.87866091728	-2.02973985672	1.79886651039	-2.02973985672	1.79886651039	-1.68700945377	0.499934673309	0.000681207457092	1.37434863063e-05	-0.000613443611655	0.00037995033199
2.69936156273	0.243343085051	3.33480572701	1.5572783947	1.41288042068	3.10287237167	0.263687849045	1.74881875515	-2.09800767899	1.84538948536	-2.09800767899	1.84538948536	-1.61035895348	0.518546640873	0.000685268838424	1.4556446331e-05	-0.000582597393077	0.00039409546298
2.63327407837	0.240511760116	3.40122389793	1.59094059467	1.44604599476	3.02171897888	0.275665611029	1.60213279724	-2.14607000351	1.87432944775	-2.14607000351	1.87432944775	-1.51969921589	0.532164692879	0.000685433740728	1.52215552589e-05	-0.000546867784578	0.00040444516344
2.54448485374	0.210020333529	3.43511366844	1.60928010941	1.4759953022	2.91367435455	0.242300540209	1.44001936913	-2.17346310616	1.88540911674	-2.17346310616	1.88540911674	-1.41585433483	0.540657222271	0.000690563640092	1.57328850037e-05	-0.000506701529957	0.000410899490817
2.43414092064	0.179350540042	3.43615555763	1.61212420464	1.49150454998	2.78003787994	0.206647545099	1.26403617859	-2.17992806435	1.87853264809	-2.17992806435	1.87853264809	-1.29968631268	0.543943881989	0.000689130916726	1.60857834999e-05	-0.000462627853267	0.000413397356169
2.30372285843	0.149930745363	3.40433263779	1.59943974018	1.4924134016	2.62246751785	0.169079437852	1.07587945461	-2.16539525986	1.85377192497	-2.16539525986	1.85377192497	-1.17196285725	0.541991114616	0.000681148958392	1.62768374139e-05	-0.000415272428654	0.000411913235439
2.1551015377	0.124171838164	3.33997488022	1.57135391235	1.47870588303	2.44303417206	0.130022734404	0.877361297607	-2.13001155853	1.81139087677	-2.13001155853	1.81139087677	-1.03303170204	0.538442254066	0.0006667014095	1.63040876942e-05	-0.000365378160495	0.000409216096159
1.99059569836	0.106095448136	3.24371480942	1.52813363075	1.45048964024	2.24427509308	0.116965249181	0.672235071659	-2.07411265373	1.75182235241	-2.07411265373	1.75182235241	-0.881946504116	0.538979530334	0.000645934022032	1.62661272043e-05	-0.000313837372232	0.0004096244229