8.3533
8.0464
9.219
9.3575
7.7817
10.064
8.226
8.577
8.1007
8.442
8.8316
9.2386
10.722
8.2294
8.2206
8.0681
9.2044
9.257
10.479
8.9111
7.4315
8.5132
8.1691
8.3251
10.021
8.1488
9.1067
9.4076
9.3075
8.1606
8.6658
7.9847
7.7532
9.479
10.046
8.7184
9.3047
9.4281
8.3267
8.6958
7.8526
8.9295
8.4393
9.2054
8.8339
8.9069
8.6522
8.0839
7.26
8.7861
8.5162
7.3568
8.6109
7.8566
8.6736
8.1054
9.7079
8.6066
7.9924
9.7122
9.2794
9.1148
9.5613
8.796
8.9068
9.0534
8.1841
8.2208
8.6889
9.4801
7.4967
8.8917
7.9773
7.7359
9.9925
8.7919
8.5945
8.1772
9.1985
8.407
7.4546
7.8508
7.9842
8.1752
8.5694
8.5346
8.7552
8.287
8.1886
8.5074
8.2127
8.5645
8.6498
9.3843
8.5426
8.2394
8.7931
8.273
8.4207
8.1931
8.4528
7.7149
10.049
8.2542
9.7822
8.8855
8.1849
8.5451
8.6586
8.9625
9.1266
9.8355
7.7559
8.5001
8.3109
8.1562