8.3533
8.0464
9.219
9.3575
7.7817
10.064
8.226
8.577
8.1007
8.442
8.8316
9.2386
10.722
8.2294
8.2206
8.0681
9.2044
9.257
10.479
8.9111
7.4315
8.5132
8.1691
8.3251
10.021
8.1488
9.1067
9.4076
9.3075
8.1606
8.6658
7.9847
7.7532
9.479
10.046
8.7184
9.3047
9.4281
8.3267
8.6958
7.8526
8.9295
8.4393
9.2054
8.8339
8.9069
8.6522
8.0839
7.26
8.7861
8.5162
7.3568
8.6109
7.8566
8.6736
8.1054
9.7079
8.6066
7.9924
9.7122
9.2794
9.1148
9.5613
8.796
8.9068
9.0534
8.1841
8.2208
8.6889
9.4801
7.4967
8.8917
7.9773
7.7359
9.9925
8.7919
8.5945
8.1772
9.1985
8.407
7.4546
7.8508
7.9842
8.1752
8.5694
8.5346
8.7552
8.287
8.1886
8.5074
8.2127
8.5645
8.6498
9.3843
8.5426
8.2394
8.7931
8.273
8.4207
8.1931
8.4528
7.7149
10.049
8.2542
9.7822
8.8855
8.1849
8.5451
8.6586
8.9625
9.1266
9.8355
7.7559
8.5001
8.3109
8.1562
7.7184
8.4345
9.2619
8.2945
8.6498
8.8311
8.8814
9.3825
9.6485
8.8021
8.1972
8.5287
9.6827
9.0241
8.0697
8.8144
8.2418
8.447
8.1824
7.8385
7.0432
8.7967
8.8648
8.8613
8.4389
8.4658
8.5838
9.5813
8.0876
8.6828
9.0963
9.1813
9.1278
10.077
9.3602
8.5641
8.9309
8.9831
7.9772
9.2995
8.7878
8.4631
10.333
8.0387
8.2169
8.081
8.1039
8.3117
8.0972
8.4383
8.7871
8.0951
8.996
8.9993
9.7062
7.6828
9.5899
9.0499
8.8992
9.0856
8.287
8.3085
9.7631
9.201
7.4054
7.712
8.9597
8.9927
8.6926
8.4624
9.4821
8.8376
8.7458
8.9376
9.7317
8.3424
8.1883
8.6017
8.4051
8.1756
9.0367
8.5
8.6875
9.421
8.5387
9.7007
8.7112
8.5836
8.8036
7.0417
9.5055
9.6172
8.7389
8.5881
7.95
8.0532
8.298
8.9288
9.4556
10.009
7.6192
7.8844
9.1878
9.4355
9.1738
9.1976
8.0678
9.8291
8.4755
8.3452
8.9688
8.4323
8.583
7.2451
9.0613
8.3533
8.0464
9.219
9.3575
7.7817
10.064
8.226
8.577
8.1007
8.442
8.8316
9.2386
10.722
8.2294
8.2206
8.0681
9.2044
9.257
10.479
8.9111
7.4315
8.5132
8.1691
8.3251
10.021
8.1488
9.1067
9.4076
9.3075
8.1606
8.6658
7.9847
7.7532
9.479
10.046
8.7184
9.3047
9.4281
8.3267
8.6958
7.8526
8.9295
8.4393
9.2054
8.8339
8.9069
8.6522
8.0839
7.26
8.7861
8.5162
7.3568
8.6109
7.8566
8.6736
8.1054
9.7079
8.6066
7.9924
9.7122
9.2794
9.1148
9.5613
8.796
8.9068
9.0534
8.1841
8.2208
8.6889
9.4801
7.4967
8.8917
7.9773
7.7359
9.9925
8.7919
8.5945
8.1772
9.1985
8.407
7.4546
7.8508
7.9842
8.1752
8.5694
8.5346
8.7552
8.287
8.1886
8.5074
8.2127
8.5645
8.6498
9.3843
8.5426
8.2394
8.7931
8.273
8.4207
8.1931
8.4528
7.7149
10.049
8.2542
9.7822
8.8855
8.1849
8.5451
8.6586
8.9625
9.1266
9.8355
7.7559
8.5001
8.3109
8.1562